781
4605
6467
4255
6602
5551
9151
3983
968
3598
7518
14
6423
6372
70
392
2938
5950
3735
9249
4076
2863
3891
8751
1453
181
6069
9538
6001
2211
4622
1865
6398
4542
6795
4843
3758
8648
6625
8099
439
6116
1011
5736
1650
6657
251
1398
93
6947
2671
1429
3970
8799
563
3346
4241
8650
2962
246
941
2863
7127
1274
8088
2003
7762
354
7811
9170
8047
4760
3962
4130
7594
2125
9962
9755
5825
7980
7376
3028
9259
1131
5089
8132
2314
210
2449
1029
2870
102
4609
3553
6673
9184
189
7532
399
6856
1014
8361
3175
4149
2822
2180
5613
3954
976
6919
2011
847
3393
1832
7231
8657
1653
2513
8542
892
2382
2881
9153
5307
5652
8445
4436
6419
5337
8543
248
485
2389
7550
5818
2462
7045
1767
8774
7773
1180
7180
1960
5018
5541
3910
6735
6538
1380
3467
3724
2804
8651
4499
7297
8017
4492
2470
3775
3263
6419
7847
3114
9663
1443
1107
1128
2407
1480
1103
1216
2536
6751
6701
8813
5009
7065
2452
5197
3141
9218
4241
4801
6105
8991
421
3117
1396
1517
8551
2287
2805
5811
6097
5655
9685
9535
6544
1574
2680
160
4620
4009
8173
7061
3910
6607
2632
8968
8703
2633
1020
6578
9716
7550
9061
4773
3098
487
4393
1599
1159
2072
8578
7496
6105
5358
2070
4248
594
4345
2029
2825
6818
8772
2632
2293
2836
3283
5533
5245
869
7220
2416
7065
9386
871
5910
7480
523
5643
8468
9862
4606
2209
5426
441
1799
6760
737
5329
7136
1923
9221
4045
8582
1530
3760
1094
6780
1749
1819
6892
2349
2944
7229
8163
8579
2029
8203
6488
330
8096
2265
2758
1960
6663
4879
3046
3317
3709
7498
8492
5928
497
5920
6071
7842
499
5354
6574
6522
9609
2427
4010
8330
9944
450
4517
4187
301
3500
926
4932
7001
4611
7589
6134
6298
5226
3575
776
3786
8553
8306
1657
81
9116
6573
2064
125
6665
4162
7408
9630
7954
1925
6979
5775
7870
8991
7675
8520
6448
1721
2591
5071
8518
950
1493
7468
7457
3210
9647
6771
4430
4162
8144
7006
9447
5847
6954
8373
2450
4371
799
6140
4633
3630
5324
798
1963
3314
7567
3694
9672
1118
9447
5466
3241
1933
9965
2834
9699
6364
2072
2108
9582
4712
7634
7126
4082
5359
1495
8246
4996
8749
3356
2473
906
9689
56
5738
4547
9474
8194
5999
7420
1204
1276
6638
565
2578
8786
5262
8497
50
1770
1110
8327
2355
180
2230
6749
1997
3774
4849
3896
3000
6070
8424
3488
2041
932
4025
240
7652
9090
3950
5654
6761
4149
4642
1920
9821
8154
7759
927
5004
6399
1761
2226
9208
8720
2641
9818
2892
8467
6812
6823
1578
5646
1247
3422
8285
7669
479
4529
3101
2891
8888
83
7121
2563
1301
5375
5221
8398
2230
1432
1316
5553
3670
6689
1257
1199
7996
8875
3208
9181
5641
3981
9533
1914
5020
8988
9615
2528
5356
1634
6552
5393
7391
2370
754
4701
9181
7470
8388
2681
2007
565
5105
2569
2015
5764
6988
71
8874
6364
3363
9739
7022
2533
3156
5913
8492
6312
2801
2423
5038
3558
3696
5781
2711
8248
6998
2865
5785
8027
8901
7574
6499
7613
2221
8153
1144
5529
7402
8887
5607
7679
2147
9346
9408
7746
4010
833
3697
3525
6869
3998
1343
841
9854
1804
1863
7413
212
5775
2381
5968
8466
8948
2426
6869
5018
5361
8944
1314
652
7732
3268
8911
2431
5786
8300
841
5235
8246
8539
130
1733
202
5727
9024
233
5383
7078
8586
9308
1177
5143
4820
8000
7440
8480
844
4686
6010
6775
891
6333
7906
3315
8213
6323
1917
7157
6256
8901
2484
2571
7277
709
3114
4916
8155
3816
8560
1615
7982
5490
1194
854
6206
6626
2375
6710
6868
7605
641
1301
8633
5203
4832
5256
9142
482
1410
139
7618
9017
8972
8474
9927
341
2025
5137
382
3232
5385
9806
5215
9661
3451
6151
9794
1673
1431
1956
4745
363
7639
2209
4842
6819
564
5010
1450
8191
5241
3576
910
1578
2580
2326
9147
989
2699
6120
2627
6271
8290
2396
6413
793
4840
818
8738
2977
7639
1071
6890
7492
2256
8149
8580
5532
3362
6859
567
1312
9614
3636
9026
938
9691
7474
744
6997
5102
9607
4646
5964
5324
1039
4945
5151
4020
8734
4080
1252
583
8779
8614
1960
8950
4888
7800
3752
8520
4682
154
1152
6181
5434
1259
3182
6115
1996
2152
9056
7613
7814
9814
6799
2751
6609
3615
5799
6556
8821
9385
1545
4922
3207
3150
9270
570
8213
3795
8763
9557
887
5173
6520
4701
2870
5920
9242
7173
6620
2191
3441
9020
4737
5899
3137
8579
2541
5530
2534
7846
2318
4918
3645
6313
4697
4300
3829
6397
3304
8049
7952
3608
9323
4337
9609
2178
8736
6803
0
5911
3509
3079
9147
5850
5693
7581
3183
6541
6234
4070
8239
1119
788
1484
8
4970
3993
8424
9980
5986
4492
2882
9946
9538
6356
7850
7869
937
2169
9387
9525
286
361
4182
6384
8369
9574
7269
8909
6957
1374
8764
7905
8264
1921
9181
6872
7014
5180
5264
1114
3360
812
2625
6499
1396
3566
7520
3577
2247
3482
5445
18
9742
5966
7536
1467
3410
9100
5993
3765
4224
356
4324
9749
4339
6527
365
3090
6457
5
5425
4762
2954
7702
4183
2611
9088
8551
3179
8303
9635
1856
8507
9358
9903
3947
6419
8383
6310
2459
6012
4886
4261
3710
657
6989
7651
329
9273
5181
1619
6437
3281
5545
8051
938
1187
2823
9146
6346
8263
7990
2935
8809
2209
5629
3117
5877
812
9663
1454
5855
6119
2867
6449
8348
2326
6455
1432
7448
9496
7936
3798
2339
2372
1000
2331
8978
5470
8846
4932
3327
1029
5721
5475
8839
3888
8490
379
3801
6340
2741
1791
7339
3798
3463
962
6950
5362
6890
9873
6169
449
948
1229
2994
7608
9862
9274
7722
4768
1796
7439
4578
2179
